     000000            1111        22222222       333333333             44444      55555555555       666666666    7777777777777      8888888        9999999    
   000000000       11111111       22222222222     33333333333           44444      55555555555      6666666666    7777777777777    8888888888      9999999999  
  00000000000      11111111       22222222222     33333333333          444444      55555555555     66666666666    7777777777777    88888888888    999999999999 
  00000  00000     11111111       22    222222    33    333333        4444444      55555555555    666666    66    7777777777777   88888   8888    99999  99999 
  0000    0000        11111              22222           33333       44444444      555            6666                    77777   8888    8888   99999    99999
 00000    00000       11111              22222           3333       444444444      555           66666                    7777    88888   8888   99999    99999
 00000    00000       11111              22222          33333       4444 4444      555           66666  66               7777      88888 88888   99999    99999
 00000    00000       11111             22222      3333333333      4444  4444      5555555       666666666666           77777      8888888888    99999    99999
 0000     00000       11111            222222      33333333       44444  4444      555555555     6666666666666          7777        88888888     999999  999999
 0000     00000       11111           222222       333333333     44444   4444      5555555555    6666666666666         7777        8888888888     9999999999999
 0000     00000       11111          222222           3333333    44444444444444         555555   66666    66666       77777       888888888888    9999999999999
 00000    00000       11111         222222               33333   44444444444444          55555   66666    66666       7777        8888  8888888     99999999999
 00000    00000       11111        222222                33333   44444444444444          55555   66666    66666      77777       88888    88888           99999
 00000    00000       11111       222222                 33333   44444444444444          55555   66666    66666     77777        88888     8888           9999 
  0000   00000        11111      222222                  33333           4444            55555    6666    66666     77777        88888     8888          99999 
  00000 000000     11111111111   2222222222222    333  3333333           4444     555   555555    66666  66666      7777         888888  888888   999  999999  
   0000000000      11111111111   2222222222222    33333333333            4444     55555555555      6666666666      77777          888888888888    99999999999  
    00000000       11111111111   2222222222222    3333333333             4444     5555555555        666666666      77777           8888888888     999999999    
      0000                                         3333333                         5555555            66666                          888888        999999      